function clrmp = tes3matlab_colormap_hgt

 clrmp = [750   224 224 255;    ...
          600   192 192 255;    ...
          450   128 064 064;    ...
          300   104 040 000;    ...
          150   224 255 192;    ...
          001   000 064 032;    ...
          000   192 255 255;    ... 
         -008   000 255 255;    ...
         -040   000 000 255;    ...
         -295   000 000 000;    ...
        ];

end